    5.68441e+00     6.25790e-06     5.82311e-05     2.90816e+00     3.40611e+01     5.68441e-03     5.82311e-05
    8.96484e+00     8.05142e-06     2.93880e-04     3.19995e+00     3.63929e+01     8.96484e-03     2.93880e-04
    1.04939e+01     8.59227e-06     5.03024e-04     3.52103e+00     4.09218e+01     1.04939e-02     5.03024e-04
    1.22838e+01     9.00963e-06     8.46010e-04     3.87432e+00     4.69426e+01     1.22838e-02     8.46010e-04
    1.32156e+01     9.13050e-06     1.06764e-03     4.26305e+00     5.39091e+01     1.32156e-02     1.06764e-03
    1.49564e+01     9.25819e-06     1.56920e-03     4.69079e+00     6.14187e+01     1.49564e-02     1.56920e-03
    1.67371e+01     9.47512e-06     2.25059e-03     5.16145e+00     6.96667e+01     1.67371e-02     2.25059e-03
    1.77054e+01     9.29241e-06     2.61286e-03     5.67933e+00     7.85306e+01     1.77054e-02     2.61286e-03
    1.93727e+01     9.18600e-06     3.38351e-03     6.24918e+00     8.79902e+01     1.93727e-02     3.38351e-03
    2.15576e+01     8.98820e-06     4.56188e-03     6.87620e+00     9.81204e+01     2.15576e-02     4.56188e-03
    2.38544e+01     8.57911e-06     5.89954e-03     7.56613e+00     1.09197e+02     2.38544e-02     5.89954e-03
    2.59543e+01     8.17688e-06     7.24245e-03     8.32529e+00     1.21245e+02     2.59543e-02     7.24245e-03
    2.88815e+01     7.63726e-06     9.32110e-03     9.16063e+00     1.34421e+02     2.88815e-02     9.32110e-03
    3.17794e+01     7.05046e-06     1.14637e-02     1.00798e+01     1.49389e+02     3.17794e-02     1.14637e-02
    3.45769e+01     6.54361e-06     1.37039e-02     1.10911e+01     1.66218e+02     3.45769e-02     1.37039e-02
    3.80462e+01     5.99709e-06     1.67319e-02     1.22040e+01     1.85580e+02     3.80462e-02     1.67319e-02
    4.20998e+01     5.41853e-06     2.04829e-02     1.34285e+01     2.07922e+02     4.20998e-02     2.04829e-02
    4.63239e+01     4.93895e-06     2.48725e-02     1.47759e+01     2.34459e+02     4.63239e-02     2.48725e-02
    5.09719e+01     4.57520e-06     3.06954e-02     1.62584e+01     2.66203e+02     5.09719e-02     3.06954e-02
    5.60863e+01     4.24542e-06     3.79456e-02     1.78897e+01     3.05091e+02     5.60863e-02     3.79456e-02
    6.17138e+01     4.01000e-06     4.77487e-02     1.96847e+01     3.53736e+02     6.17138e-02     4.77487e-02
    6.79059e+01     3.68523e-06     5.84599e-02     2.16598e+01     4.15607e+02     6.79059e-02     5.84599e-02
    7.47194e+01     3.35013e-06     7.07997e-02     2.38331e+01     4.95488e+02     7.47194e-02     7.07997e-02
    8.22165e+01     2.94238e-06     8.28412e-02     2.62244e+01     5.99835e+02     8.22165e-02     8.28412e-02
    9.04658e+01     2.46615e-06     9.25001e-02     2.88557e+01     7.37526e+02     9.04658e-02     9.25001e-02
    9.95428e+01     2.10248e-06     1.05058e-01     3.17510e+01     9.20168e+02     9.95428e-02     1.05058e-01
    1.09531e+02     1.85711e-06     1.23628e-01     3.49368e+01     1.16386e+03     1.09531e-01     1.23628e-01
    1.20521e+02     1.67812e-06     1.48827e-01     3.84422e+01     1.48929e+03     1.20521e-01     1.48827e-01
    1.32613e+02     1.52081e-06     1.79682e-01     4.22994e+01     1.92452e+03     1.32613e-01     1.79682e-01
    1.45919e+02     1.29483e-06     2.03807e-01     4.65436e+01     2.50614e+03     1.45919e-01     2.03807e-01
    1.60560e+02     1.07805e-06     2.26059e-01     5.12136e+01     3.28349e+03     1.60560e-01     2.26059e-01
    1.76670e+02     9.39071e-07     2.62335e-01     5.63522e+01     4.32208e+03     1.76670e-01     2.62335e-01
    1.94397e+02     8.33931e-07     3.10363e-01     6.20064e+01     5.70918e+03     1.94397e-01     3.10363e-01
    2.13902e+02     7.15256e-07     3.54631e-01     6.82279e+01     7.56122e+03     2.13902e-01     3.54631e-01
    2.35364e+02     6.11959e-07     4.04215e-01     7.50737e+01     1.00361e+04     2.35364e-01     4.04215e-01
    2.58980e+02     5.31023e-07     4.67285e-01     8.26063e+01     1.33471e+04     2.58980e-01     4.67285e-01
    2.84965e+02     4.58366e-07     5.37350e-01     9.08947e+01     1.77862e+04     2.84965e-01     5.37350e-01
    3.13557e+02     3.96370e-07     6.19043e-01     1.00015e+02     2.37601e+04     3.13557e-01     6.19043e-01
    3.45018e+02     3.43453e-07     7.14600e-01     1.10050e+02     3.18520e+04     3.45018e-01     7.14600e-01
    3.79636e+02     2.98409e-07     8.27149e-01     1.21092e+02     4.29412e+04     3.79636e-01     8.27149e-01
    4.17728e+02     2.59300e-07     9.57532e-01     1.33242e+02     5.84543e+04     4.17728e-01     9.57532e-01
    4.59641e+02     2.26412e-07     1.11385e+00     1.46611e+02     8.09955e+04     4.59641e-01     1.11385e+00
    5.05760e+02     1.97939e-07     1.29729e+00     1.61321e+02     1.13855e+05     5.05760e-01     1.29729e+00
    5.56506e+02     1.73749e-07     1.51706e+00     1.77508e+02     1.43989e+05     5.56506e-01     1.51706e+00
    6.12344e+02     1.52881e-07     1.77833e+00     1.93134e+02     1.58002e+05     6.12344e-01     1.77833e+00
    6.73785e+02     1.35373e-07     2.09782e+00     0.00000e+00     0.00000e+00     6.73785e-01     2.09782e+00
    7.41390e+02     1.19992e-07     2.47721e+00     0.00000e+00     0.00000e+00     7.41390e-01     2.47721e+00
    8.15779e+02     1.06652e-07     2.93330e+00     0.00000e+00     0.00000e+00     8.15779e-01     2.93330e+00
    8.97631e+02     9.52329e-08     3.48940e+00     0.00000e+00     0.00000e+00     8.97631e-01     3.48940e+00
    9.87697e+02     8.52222e-08     4.16001e+00     0.00000e+00     0.00000e+00     9.87697e-01     4.16001e+00
    1.08680e+03     7.64472e-08     4.97142e+00     0.00000e+00     0.00000e+00     1.08680e+00     4.97142e+00
    1.19584e+03     6.86916e-08     5.95104e+00     0.00000e+00     0.00000e+00     1.19584e+00     5.95104e+00
    1.31583e+03     6.18162e-08     7.13463e+00     0.00000e+00     0.00000e+00     1.31583e+00     7.13463e+00
    1.44786e+03     5.56457e-08     8.55622e+00     0.00000e+00     0.00000e+00     1.44786e+00     8.55622e+00
    1.59313e+03     5.00853e-08     1.02597e+01     0.00000e+00     0.00000e+00     1.59313e+00     1.02597e+01
    1.75298e+03     4.50282e-08     1.22881e+01     0.00000e+00     0.00000e+00     1.75298e+00     1.22881e+01
    1.92887e+03     4.03707e-08     1.46773e+01     0.00000e+00     0.00000e+00     1.92887e+00     1.46773e+01
    2.12240e+03     3.60939e-08     1.74818e+01     0.00000e+00     0.00000e+00     2.12240e+00     1.74818e+01
    2.33536e+03     3.21370e-08     2.07366e+01     0.00000e+00     0.00000e+00     2.33536e+00     2.07366e+01
    2.56968e+03     2.84670e-08     2.44708e+01     0.00000e+00     0.00000e+00     2.56968e+00     2.44708e+01
    2.82751e+03     2.50934e-08     2.87370e+01     0.00000e+00     0.00000e+00     2.82751e+00     2.87370e+01
    3.11122e+03     2.19962e-08     3.35590e+01     0.00000e+00     0.00000e+00     3.11122e+00     3.35590e+01
    3.42339e+03     1.92690e-08     3.91650e+01     0.00000e+00     0.00000e+00     3.42339e+00     3.89752e+01
    3.76688e+03     1.66514e-08     4.50886e+01     0.00000e+00     0.00000e+00     3.76688e+00     4.50426e+01
    4.14483e+03     1.43569e-08     5.17905e+01     0.00000e+00     0.00000e+00     4.14483e+00     5.18474e+01
    4.26305e+03     1.37351e-08     5.39091e+01     0.00000e+00     0.00000e+00     0.00000e+00     0.00000e+00
    4.69079e+03     1.17461e-08     6.14187e+01     0.00000e+00     0.00000e+00     0.00000e+00     0.00000e+00
    5.16145e+03     1.00009e-08     6.96667e+01     0.00000e+00     0.00000e+00     0.00000e+00     0.00000e+00
    5.67933e+03     8.46208e-09     7.85306e+01     0.00000e+00     0.00000e+00     0.00000e+00     0.00000e+00
    6.24918e+03     7.11697e-09     8.79902e+01     0.00000e+00     0.00000e+00     0.00000e+00     0.00000e+00
    6.87620e+03     5.95722e-09     9.81204e+01     0.00000e+00     0.00000e+00     0.00000e+00     0.00000e+00
    7.56613e+03     4.97645e-09     1.09197e+02     0.00000e+00     0.00000e+00     0.00000e+00     0.00000e+00
#     K in h/Mpc     Power P(k)      Delta2(k)        K_A_Cut       Delta2_A_Cut      K_B_Cut       Delta2_B_Cut  
# params: ndiscardB=4 ncutA=4 smoothwidth=5