    5.68441e+00     6.22580e-06     5.79324e-05     2.90816e+00     3.00175e+01     5.68441e-03     5.79324e-05
    8.96484e+00     8.00552e-06     2.92205e-04     3.19995e+00     3.19405e+01     8.96484e-03     2.92205e-04
    1.04939e+01     8.54173e-06     5.00065e-04     3.52103e+00     3.57018e+01     1.04939e-02     5.00065e-04
    1.22838e+01     8.95744e-06     8.41109e-04     3.87432e+00     4.06944e+01     1.22838e-02     8.41109e-04
    1.32156e+01     9.07865e-06     1.06158e-03     4.26305e+00     4.64108e+01     1.32156e-02     1.06158e-03
    1.49564e+01     9.20518e-06     1.56021e-03     4.69079e+00     5.26005e+01     1.49564e-02     1.56021e-03
    1.67371e+01     9.42084e-06     2.23769e-03     5.16145e+00     5.94024e+01     1.67371e-02     2.23769e-03
    1.77054e+01     9.23652e-06     2.59714e-03     5.67933e+00     6.67005e+01     1.77054e-02     2.59714e-03
    1.93727e+01     9.13157e-06     3.36346e-03     6.24918e+00     7.44874e+01     1.93727e-02     3.36346e-03
    2.15576e+01     8.93432e-06     4.53454e-03     6.87620e+00     8.29184e+01     2.15576e-02     4.53454e-03
    2.38544e+01     8.52741e-06     5.86398e-03     7.56613e+00     9.22610e+01     2.38544e-02     5.86398e-03
    2.59543e+01     8.12603e-06     7.19742e-03     8.32529e+00     1.02392e+02     2.59543e-02     7.19742e-03
    2.88815e+01     7.58955e-06     9.26287e-03     9.16063e+00     1.13644e+02     2.88815e-02     9.26287e-03
    3.17794e+01     7.00323e-06     1.13869e-02     1.00798e+01     1.26583e+02     3.17794e-02     1.13869e-02
    3.45769e+01     6.49939e-06     1.36113e-02     1.10911e+01     1.41159e+02     3.45769e-02     1.36113e-02
    3.80462e+01     5.95456e-06     1.66132e-02     1.22040e+01     1.58006e+02     3.80462e-02     1.66132e-02
    4.20998e+01     5.37880e-06     2.03327e-02     1.34285e+01     1.77872e+02     4.20998e-02     2.03327e-02
    4.63239e+01     4.90026e-06     2.46777e-02     1.47759e+01     2.01952e+02     4.63239e-02     2.46777e-02
    5.09719e+01     4.53735e-06     3.04414e-02     1.62584e+01     2.31073e+02     5.09719e-02     3.04414e-02
    5.60863e+01     4.20775e-06     3.76089e-02     1.78897e+01     2.67597e+02     5.60863e-02     3.76089e-02
    6.17138e+01     3.97186e-06     4.72946e-02     1.96847e+01     3.14028e+02     6.17138e-02     4.72946e-02
    6.79059e+01     3.64748e-06     5.78610e-02     2.16598e+01     3.73959e+02     6.79059e-02     5.78610e-02
    7.47194e+01     3.31262e-06     7.00071e-02     2.38331e+01     4.52041e+02     7.47194e-02     7.00071e-02
    8.22165e+01     2.90656e-06     8.18327e-02     2.62244e+01     5.55288e+02     8.22165e-02     8.18327e-02
    9.04658e+01     2.43298e-06     9.12561e-02     2.88557e+01     6.92480e+02     9.04658e-02     9.12561e-02
    9.95428e+01     2.07151e-06     1.03511e-01     3.17510e+01     8.75561e+02     9.95428e-02     1.03511e-01
    1.09531e+02     1.82692e-06     1.21619e-01     3.49368e+01     1.12023e+03     1.09531e-01     1.21619e-01
    1.20521e+02     1.64798e-06     1.46153e-01     3.84422e+01     1.44759e+03     1.20521e-01     1.46153e-01
    1.32613e+02     1.49073e-06     1.76128e-01     4.22994e+01     1.88515e+03     1.32613e-01     1.76128e-01
    1.45919e+02     1.26654e-06     1.99353e-01     4.65436e+01     2.46962e+03     1.45919e-01     1.99353e-01
    1.60560e+02     1.05216e-06     2.20629e-01     5.12136e+01     3.25008e+03     1.60560e-01     2.20629e-01
    1.76670e+02     9.14329e-07     2.55424e-01     5.63522e+01     4.29163e+03     1.76670e-01     2.55424e-01
    1.94397e+02     8.09770e-07     3.01371e-01     6.20064e+01     5.68176e+03     1.94397e-01     3.01371e-01
    2.13902e+02     6.92744e-07     3.43469e-01     6.82279e+01     7.53665e+03     2.13902e-01     3.43469e-01
    2.35364e+02     5.91028e-07     3.90390e-01     7.50737e+01     1.00135e+04     2.35364e-01     3.90390e-01
    2.58980e+02     5.11361e-07     4.49983e-01     8.26063e+01     1.33275e+04     2.58980e-01     4.49983e-01
    2.84965e+02     4.40088e-07     5.15922e-01     9.08947e+01     1.77696e+04     2.84965e-01     5.15922e-01
    3.13557e+02     3.79429e-07     5.92585e-01     1.00015e+02     2.37463e+04     3.13557e-01     5.92585e-01
    3.45018e+02     3.27763e-07     6.81955e-01     1.10050e+02     3.18401e+04     3.45018e-01     6.81955e-01
    3.79636e+02     2.83888e-07     7.86899e-01     1.21092e+02     4.29324e+04     3.79636e-01     7.86899e-01
    4.17728e+02     2.45946e-07     9.08219e-01     1.33242e+02     5.84495e+04     4.17728e-01     9.08219e-01
    4.59641e+02     2.14098e-07     1.05327e+00     1.46611e+02     8.09948e+04     4.59641e-01     1.05327e+00
    5.05760e+02     1.86610e-07     1.22303e+00     1.61321e+02     1.13858e+05     5.05760e-01     1.22303e+00
    5.56506e+02     1.63332e-07     1.42610e+00     1.77508e+02     1.43995e+05     5.56506e-01     1.42610e+00
    6.12344e+02     1.43296e-07     1.66682e+00     1.93134e+02     1.58011e+05     6.12344e-01     1.66682e+00
    6.73785e+02     1.26534e-07     1.96083e+00     0.00000e+00     0.00000e+00     6.73785e-01     1.96083e+00
    7.41390e+02     1.11851e-07     2.30914e+00     0.00000e+00     0.00000e+00     7.41390e-01     2.30914e+00
    8.15779e+02     9.91426e-08     2.72677e+00     0.00000e+00     0.00000e+00     8.15779e-01     2.72677e+00
    8.97631e+02     8.82962e-08     3.23524e+00     0.00000e+00     0.00000e+00     8.97631e-01     3.23524e+00
    9.87697e+02     7.88078e-08     3.84690e+00     0.00000e+00     0.00000e+00     9.87697e-01     3.84690e+00
    1.08680e+03     7.05042e-08     4.58495e+00     0.00000e+00     0.00000e+00     1.08680e+00     4.58495e+00
    1.19584e+03     6.31811e-08     5.47364e+00     0.00000e+00     0.00000e+00     1.19584e+00     5.47364e+00
    1.31583e+03     5.66986e-08     6.54398e+00     0.00000e+00     0.00000e+00     1.31583e+00     6.54398e+00
    1.44786e+03     5.08924e-08     7.82533e+00     0.00000e+00     0.00000e+00     1.44786e+00     7.82533e+00
    1.59313e+03     4.56619e-08     9.35359e+00     0.00000e+00     0.00000e+00     1.59313e+00     9.35359e+00
    1.75298e+03     4.09096e-08     1.11642e+01     0.00000e+00     0.00000e+00     1.75298e+00     1.11642e+01
    1.92887e+03     3.65419e-08     1.32853e+01     0.00000e+00     0.00000e+00     1.92887e+00     1.32853e+01
    2.12240e+03     3.25332e-08     1.57572e+01     0.00000e+00     0.00000e+00     2.12240e+00     1.57572e+01
    2.33536e+03     2.88312e-08     1.86035e+01     0.00000e+00     0.00000e+00     2.33536e+00     1.86035e+01
    2.56968e+03     2.54048e-08     2.18385e+01     0.00000e+00     0.00000e+00     2.56968e+00     2.18385e+01
    2.82751e+03     2.22648e-08     2.54977e+01     0.00000e+00     0.00000e+00     2.82751e+00     2.54977e+01
    3.11122e+03     1.93941e-08     2.95892e+01     0.00000e+00     0.00000e+00     3.11122e+00     2.95892e+01
    3.42339e+03     1.68640e-08     3.42768e+01     0.00000e+00     0.00000e+00     3.42339e+00     3.41363e+01
    3.76688e+03     1.44691e-08     3.91795e+01     0.00000e+00     0.00000e+00     3.76688e+00     3.91862e+01
    4.14483e+03     1.23836e-08     4.46723e+01     0.00000e+00     0.00000e+00     4.14483e+00     4.48168e+01
    4.26305e+03     1.18246e-08     4.64108e+01     0.00000e+00     0.00000e+00     0.00000e+00     0.00000e+00
    4.69079e+03     1.00596e-08     5.26005e+01     0.00000e+00     0.00000e+00     0.00000e+00     0.00000e+00
    5.16145e+03     8.52744e-09     5.94024e+01     0.00000e+00     0.00000e+00     0.00000e+00     0.00000e+00
    5.67933e+03     7.18733e-09     6.67005e+01     0.00000e+00     0.00000e+00     0.00000e+00     0.00000e+00
    6.24918e+03     6.02481e-09     7.44874e+01     0.00000e+00     0.00000e+00     0.00000e+00     0.00000e+00
    6.87620e+03     5.03426e-09     8.29184e+01     0.00000e+00     0.00000e+00     0.00000e+00     0.00000e+00
#     K in h/Mpc     Power P(k)      Delta2(k)        K_A_Cut       Delta2_A_Cut      K_B_Cut       Delta2_B_Cut  
# params: ndiscardB=4 ncutA=4 smoothwidth=5