    5.68441e-03     6.25790e+03     5.82311e-05     2.64297e+00     2.84932e+01     5.68441e-03     5.82311e-05
    8.96484e-03     8.05142e+03     2.93880e-04     2.90816e+00     2.95149e+01     8.96484e-03     2.93880e-04
    1.04939e-02     8.59227e+03     5.03024e-04     3.19995e+00     3.29037e+01     1.04939e-02     5.03024e-04
    1.22838e-02     9.00963e+03     8.46010e-04     3.52103e+00     3.78587e+01     1.22838e-02     8.46010e-04
    1.32156e-02     9.13050e+03     1.06764e-03     3.87432e+00     4.35197e+01     1.32156e-02     1.06764e-03
    1.49564e-02     9.25819e+03     1.56920e-03     4.26305e+00     5.00241e+01     1.49564e-02     1.56920e-03
    1.67371e-02     9.47512e+03     2.25059e-03     4.69079e+00     5.73835e+01     1.67371e-02     2.25059e-03
    1.77054e-02     9.29241e+03     2.61286e-03     5.16145e+00     6.52043e+01     1.77054e-02     2.61286e-03
    1.93727e-02     9.18600e+03     3.38351e-03     5.67933e+00     7.37897e+01     1.93727e-02     3.38351e-03
    2.15576e-02     8.98820e+03     4.56188e-03     6.24918e+00     8.30047e+01     2.15576e-02     4.56188e-03
    2.38544e-02     8.57911e+03     5.89954e-03     6.87620e+00     9.26255e+01     2.38544e-02     5.89954e-03
    2.59543e-02     8.17688e+03     7.24245e-03     7.56613e+00     1.03261e+02     2.59543e-02     7.24245e-03
    2.88815e-02     7.63726e+03     9.32110e-03     8.32529e+00     1.14617e+02     2.88815e-02     9.32110e-03
    3.17794e-02     7.05046e+03     1.14637e-02     9.16063e+00     1.27182e+02     3.17794e-02     1.14637e-02
    3.45769e-02     6.54361e+03     1.37039e-02     1.00798e+01     1.41043e+02     3.45769e-02     1.37039e-02
    3.80462e-02     5.99709e+03     1.67319e-02     1.10911e+01     1.56712e+02     3.80462e-02     1.67319e-02
    4.20998e-02     5.41853e+03     2.04829e-02     1.22040e+01     1.74536e+02     4.20998e-02     2.04829e-02
    4.63239e-02     4.93895e+03     2.48725e-02     1.34285e+01     1.95036e+02     4.63239e-02     2.48725e-02
    5.09719e-02     4.57520e+03     3.06954e-02     1.47759e+01     2.19059e+02     5.09719e-02     3.06954e-02
    5.60863e-02     4.24542e+03     3.79456e-02     1.62584e+01     2.47380e+02     5.60863e-02     3.79456e-02
    6.17138e-02     4.01000e+03     4.77487e-02     1.78897e+01     2.81693e+02     6.17138e-02     4.77487e-02
    6.79059e-02     3.68523e+03     5.84599e-02     1.96847e+01     3.23926e+02     6.79059e-02     5.84599e-02
    7.47194e-02     3.35013e+03     7.07997e-02     2.16598e+01     3.77304e+02     7.47194e-02     7.07997e-02
    8.22165e-02     2.94238e+03     8.28412e-02     2.38331e+01     4.45494e+02     8.22165e-02     8.28412e-02
    9.04658e-02     2.46615e+03     9.25001e-02     2.62244e+01     5.33987e+02     9.04658e-02     9.25001e-02
    9.95428e-02     2.10248e+03     1.05058e-01     2.88557e+01     6.50123e+02     9.95428e-02     1.05058e-01
    1.09531e-01     1.85711e+03     1.23628e-01     3.17510e+01     8.03662e+02     1.09531e-01     1.23628e-01
    1.20521e-01     1.67812e+03     1.48827e-01     3.49368e+01     1.00801e+03     1.20521e-01     1.48827e-01
    1.32613e-01     1.52081e+03     1.79682e-01     3.84422e+01     1.28096e+03     1.32613e-01     1.79682e-01
    1.45919e-01     1.29483e+03     2.03807e-01     4.22994e+01     1.64580e+03     1.45919e-01     2.03807e-01
    1.60560e-01     1.07805e+03     2.26059e-01     4.65436e+01     2.13386e+03     1.60560e-01     2.26059e-01
    1.76670e-01     9.39071e+02     2.62335e-01     5.12136e+01     2.78612e+03     1.76670e-01     2.62335e-01
    1.94397e-01     8.33931e+02     3.10363e-01     5.63522e+01     3.65754e+03     1.94397e-01     3.10363e-01
    2.13902e-01     7.15256e+02     3.54631e-01     6.20064e+01     4.82196e+03     2.13902e-01     3.54631e-01
    2.35364e-01     6.11959e+02     4.04215e-01     6.82279e+01     6.37663e+03     2.35364e-01     4.04215e-01
    2.58980e-01     5.31023e+02     4.67285e-01     7.50737e+01     8.45271e+03     2.58980e-01     4.67285e-01
    2.84965e-01     4.58366e+02     5.37350e-01     8.26063e+01     1.12269e+04     2.84965e-01     5.37350e-01
    3.13557e-01     3.96370e+02     6.19043e-01     9.08947e+01     1.49388e+04     3.13557e-01     6.19043e-01
    3.45018e-01     3.43453e+02     7.14600e-01     1.00015e+02     1.99182e+04     3.45018e-01     7.14600e-01
    3.79636e-01     2.98409e+02     8.27149e-01     1.10050e+02     2.66253e+04     3.79636e-01     8.27149e-01
    4.17728e-01     2.59300e+02     9.57532e-01     1.21092e+02     3.57226e+04     4.17728e-01     9.57532e-01
    4.59641e-01     2.26412e+02     1.11385e+00     1.33242e+02     4.82194e+04     4.59641e-01     1.11385e+00
    5.05760e-01     1.97939e+02     1.29729e+00     1.46611e+02     6.57740e+04     5.05760e-01     1.29729e+00
    5.56506e-01     1.73749e+02     1.51706e+00     1.61321e+02     9.14625e+04     5.56506e-01     1.51706e+00
    6.12344e-01     1.52881e+02     1.77833e+00     1.77508e+02     1.29130e+05     6.12344e-01     1.77833e+00
    6.73785e-01     1.35373e+02     2.09782e+00     1.93134e+02     1.62033e+05     6.73785e-01     2.09782e+00
    7.41390e-01     1.19992e+02     2.47721e+00     0.00000e+00     0.00000e+00     7.41390e-01     2.47721e+00
    8.15779e-01     1.06652e+02     2.93330e+00     0.00000e+00     0.00000e+00     8.15779e-01     2.93330e+00
    8.97631e-01     9.52329e+01     3.48940e+00     0.00000e+00     0.00000e+00     8.97631e-01     3.48940e+00
    9.87697e-01     8.52222e+01     4.16001e+00     0.00000e+00     0.00000e+00     9.87697e-01     4.16001e+00
    1.08680e+00     7.64472e+01     4.97142e+00     0.00000e+00     0.00000e+00     1.08680e+00     4.97142e+00
    1.19584e+00     6.86916e+01     5.95104e+00     0.00000e+00     0.00000e+00     1.19584e+00     5.95104e+00
    1.31583e+00     6.18162e+01     7.13463e+00     0.00000e+00     0.00000e+00     1.31583e+00     7.13463e+00
    1.44786e+00     5.56457e+01     8.55622e+00     0.00000e+00     0.00000e+00     1.44786e+00     8.55622e+00
    1.59313e+00     5.00853e+01     1.02597e+01     0.00000e+00     0.00000e+00     1.59313e+00     1.02597e+01
    1.75298e+00     4.50282e+01     1.22881e+01     0.00000e+00     0.00000e+00     1.75298e+00     1.22881e+01
    1.92887e+00     4.03707e+01     1.46773e+01     0.00000e+00     0.00000e+00     1.92887e+00     1.46773e+01
    2.12240e+00     3.60939e+01     1.74818e+01     0.00000e+00     0.00000e+00     2.12240e+00     1.74818e+01
    2.33536e+00     3.21370e+01     2.07366e+01     0.00000e+00     0.00000e+00     2.33536e+00     2.07366e+01
    2.56968e+00     2.84670e+01     2.44708e+01     0.00000e+00     0.00000e+00     2.56968e+00     2.44708e+01
    2.82751e+00     2.50934e+01     2.87370e+01     0.00000e+00     0.00000e+00     2.82751e+00     2.87370e+01
    3.11122e+00     2.16279e+01     3.29971e+01     0.00000e+00     0.00000e+00     3.11122e+00     3.35590e+01
    3.42339e+00     1.83152e+01     3.72263e+01     0.00000e+00     0.00000e+00     3.42339e+00     3.89752e+01
    3.76688e+00     1.54362e+01     4.17981e+01     0.00000e+00     0.00000e+00     3.76688e+00     4.50426e+01
    3.87432e+00     1.47717e+01     4.35197e+01     0.00000e+00     0.00000e+00     0.00000e+00     0.00000e+00
    4.26305e+00     1.27452e+01     5.00241e+01     0.00000e+00     0.00000e+00     0.00000e+00     0.00000e+00
    4.69079e+00     1.09743e+01     5.73835e+01     0.00000e+00     0.00000e+00     0.00000e+00     0.00000e+00
    5.16145e+00     9.36032e+00     6.52043e+01     0.00000e+00     0.00000e+00     0.00000e+00     0.00000e+00
    5.67933e+00     7.95123e+00     7.37897e+01     0.00000e+00     0.00000e+00     0.00000e+00     0.00000e+00
    6.24918e+00     6.71372e+00     8.30047e+01     0.00000e+00     0.00000e+00     0.00000e+00     0.00000e+00
    6.87620e+00     5.62360e+00     9.26255e+01     0.00000e+00     0.00000e+00     0.00000e+00     0.00000e+00
    7.56613e+00     4.70590e+00     1.03261e+02     0.00000e+00     0.00000e+00     0.00000e+00     0.00000e+00
#     K in h/Mpc     Power P(k)      Delta2(k)        K_A_Cut       Delta2_A_Cut      K_B_Cut       Delta2_B_Cut  
# params: ndiscardB=5 ncutA=4 smoothwidth=4