    5.68441e+00     1.68573e-05     1.56861e-04     3.52103e+00     1.98114e+02     5.68441e-03     1.56861e-04
    8.96484e+00     2.16696e-05     7.90951e-04     3.87432e+00     2.15179e+02     8.96484e-03     7.90951e-04
    1.04939e+01     2.31572e-05     1.35571e-03     4.26305e+00     2.41048e+02     1.04939e-02     1.35571e-03
    1.22838e+01     2.42592e-05     2.27796e-03     4.69079e+00     2.70168e+02     1.22838e-02     2.27796e-03
    1.32156e+01     2.45333e-05     2.86871e-03     5.16145e+00     3.02381e+02     1.32156e-02     2.86871e-03
    1.49564e+01     2.48274e-05     4.20806e-03     5.67933e+00     3.38754e+02     1.49564e-02     4.20806e-03
    1.67371e+01     2.57410e-05     6.11415e-03     6.24918e+00     3.76097e+02     1.67371e-02     6.11415e-03
    1.77054e+01     2.49700e-05     7.02113e-03     6.87620e+00     4.16404e+02     1.77054e-02     7.02113e-03
    1.93727e+01     2.47092e-05     9.10122e-03     7.56613e+00     4.59449e+02     1.93727e-02     9.10122e-03
    2.15576e+01     2.42617e-05     1.23138e-02     8.32529e+00     5.06623e+02     2.15576e-02     1.23138e-02
    2.38544e+01     2.30601e-05     1.58576e-02     9.16063e+00     5.55698e+02     2.38544e-02     1.58576e-02
    2.59543e+01     2.19338e-05     1.94273e-02     1.00798e+01     6.07613e+02     2.59543e-02     1.94273e-02
    2.88815e+01     2.05300e-05     2.50564e-02     1.10911e+01     6.62608e+02     2.88815e-02     2.50564e-02
    3.17794e+01     1.89424e-05     3.07994e-02     1.22040e+01     7.21255e+02     3.17794e-02     3.07994e-02
    3.45769e+01     1.76085e-05     3.68765e-02     1.34285e+01     7.82285e+02     3.45769e-02     3.68765e-02
    3.80462e+01     1.62154e-05     4.52409e-02     1.47759e+01     8.46607e+02     3.80462e-02     4.52409e-02
    4.20998e+01     1.46145e-05     5.52450e-02     1.62584e+01     9.14624e+02     4.20998e-02     5.52450e-02
    4.63239e+01     1.33086e-05     6.70220e-02     1.78897e+01     9.87067e+02     4.63239e-02     6.70220e-02
    5.09719e+01     1.23697e-05     8.29895e-02     1.96847e+01     1.06472e+03     5.09719e-02     8.29895e-02
    5.60863e+01     1.14542e-05     1.02378e-01     2.16598e+01     1.14965e+03     5.60863e-02     1.02378e-01
    6.17138e+01     1.08749e-05     1.29491e-01     2.38331e+01     1.24571e+03     6.17138e-02     1.29491e-01
    6.79059e+01     9.93422e-06     1.57589e-01     2.62244e+01     1.35666e+03     6.79059e-02     1.57589e-01
    7.47194e+01     9.08297e-06     1.91955e-01     2.88557e+01     1.48920e+03     7.47194e-02     1.91955e-01
    8.22165e+01     8.04886e-06     2.26611e-01     3.17510e+01     1.65352e+03     8.22165e-02     2.26611e-01
    9.04658e+01     6.77264e-06     2.54028e-01     3.49368e+01     1.86428e+03     9.04658e-02     2.54028e-01
    9.95428e+01     5.89739e-06     2.94686e-01     3.84422e+01     2.14163e+03     9.95428e-02     2.94686e-01
    1.09531e+02     5.28107e-06     3.51563e-01     4.22994e+01     2.51192e+03     1.09531e-01     3.51563e-01
    1.20521e+02     4.73792e-06     4.20190e-01     4.65436e+01     3.01269e+03     1.20521e-01     4.20190e-01
    1.32613e+02     4.32036e-06     5.10444e-01     5.12136e+01     3.69193e+03     1.32613e-01     5.10444e-01
    1.45919e+02     3.75415e-06     5.90905e-01     5.63522e+01     4.61397e+03     1.45919e-01     5.90905e-01
    1.60560e+02     3.23912e-06     6.79217e-01     6.20064e+01     5.86445e+03     1.60560e-01     6.79217e-01
    1.76670e+02     2.86538e-06     8.00463e-01     6.82279e+01     7.55606e+03     1.76670e-01     8.00463e-01
    1.94397e+02     2.56295e-06     9.53847e-01     7.50737e+01     9.83948e+03     1.94397e-01     9.53847e-01
    2.13902e+02     2.26680e-06     1.12390e+00     8.26063e+01     1.29164e+04     2.13902e-01     1.12390e+00
    2.35364e+02     2.01583e-06     1.33151e+00     9.08947e+01     1.70578e+04     2.35364e-01     1.33151e+00
    2.58980e+02     1.78719e-06     1.57268e+00     1.00015e+02     2.26388e+04     2.58980e-01     1.57268e+00
    2.84965e+02     1.59892e-06     1.87444e+00     1.10050e+02     3.01834e+04     2.84965e-01     1.87444e+00
    3.13557e+02     1.43162e-06     2.23588e+00     1.21092e+02     4.04583e+04     3.13557e-01     2.23588e+00
    3.45018e+02     1.28556e-06     2.67477e+00     1.33242e+02     5.46405e+04     3.45018e-01     2.67477e+00
    3.79636e+02     1.16077e-06     3.21750e+00     1.46611e+02     7.47042e+04     3.79636e-01     3.21750e+00
    4.17728e+02     1.04945e-06     3.87538e+00     1.61321e+02     1.04390e+05     4.17728e-01     3.87538e+00
    4.59641e+02     9.52913e-07     4.68791e+00     1.77508e+02     1.48250e+05     4.59641e-01     4.68791e+00
    5.05760e+02     8.69884e-07     5.70118e+00     1.93134e+02     1.82923e+05     5.05760e-01     5.70118e+00
    5.56506e+02     7.93840e-07     6.93127e+00     0.00000e+00     0.00000e+00     5.56506e-01     6.93127e+00
    6.12344e+02     7.26906e-07     8.45541e+00     0.00000e+00     0.00000e+00     6.12344e-01     8.45541e+00
    6.73785e+02     6.67314e-07     1.03411e+01     0.00000e+00     0.00000e+00     6.73785e-01     1.03411e+01
    7.41390e+02     6.12588e-07     1.26467e+01     0.00000e+00     0.00000e+00     7.41390e-01     1.26467e+01
    8.15779e+02     5.61713e-07     1.54491e+01     0.00000e+00     0.00000e+00     8.15779e-01     1.54491e+01
    8.97631e+02     5.14770e-07     1.88615e+01     0.00000e+00     0.00000e+00     8.97631e-01     1.88615e+01
    9.87697e+02     4.70827e-07     2.29828e+01     0.00000e+00     0.00000e+00     9.87697e-01     2.29828e+01
    1.08680e+03     4.29134e-07     2.79070e+01     0.00000e+00     0.00000e+00     1.08680e+00     2.79070e+01
    1.19584e+03     3.89675e-07     3.37592e+01     0.00000e+00     0.00000e+00     1.19584e+00     3.37592e+01
    1.31583e+03     3.51970e-07     4.06233e+01     0.00000e+00     0.00000e+00     1.31583e+00     4.06233e+01
    1.44786e+03     3.15858e-07     4.85671e+01     0.00000e+00     0.00000e+00     1.44786e+00     4.85671e+01
    1.59313e+03     2.81692e-07     5.77030e+01     0.00000e+00     0.00000e+00     1.59313e+00     5.77030e+01
    1.75298e+03     2.49584e-07     6.81111e+01     0.00000e+00     0.00000e+00     1.75298e+00     6.81111e+01
    1.92887e+03     2.19539e-07     7.98162e+01     0.00000e+00     0.00000e+00     1.92887e+00     7.98162e+01
    2.12240e+03     1.91758e-07     9.28765e+01     0.00000e+00     0.00000e+00     2.12240e+00     9.28765e+01
    2.33536e+03     1.66449e-07     1.07402e+02     0.00000e+00     0.00000e+00     2.33536e+00     1.07402e+02
    2.56968e+03     1.43607e-07     1.23448e+02     0.00000e+00     0.00000e+00     2.56968e+00     1.23448e+02
    2.82751e+03     1.23278e-07     1.41178e+02     0.00000e+00     0.00000e+00     2.82751e+00     1.41178e+02
    3.11122e+03     1.05364e-07     1.60751e+02     0.00000e+00     0.00000e+00     3.11122e+00     1.60751e+02
    3.42339e+03     8.97503e-08     1.82421e+02     0.00000e+00     0.00000e+00     3.42339e+00     1.82421e+02
    3.76688e+03     7.62359e-08     2.06431e+02     0.00000e+00     0.00000e+00     3.76688e+00     2.06431e+02
    4.14483e+03     6.46575e-08     2.33243e+02     0.00000e+00     0.00000e+00     4.14483e+00     2.33306e+02
    4.56071e+03     5.43741e-08     2.61312e+02     0.00000e+00     0.00000e+00     4.56071e+00     2.64045e+02
    4.69079e+03     5.16684e-08     2.70168e+02     0.00000e+00     0.00000e+00     0.00000e+00     0.00000e+00
    5.16145e+03     4.34080e-08     3.02381e+02     0.00000e+00     0.00000e+00     0.00000e+00     0.00000e+00
    5.67933e+03     3.65025e-08     3.38754e+02     0.00000e+00     0.00000e+00     0.00000e+00     0.00000e+00
    6.24918e+03     3.04201e-08     3.76097e+02     0.00000e+00     0.00000e+00     0.00000e+00     0.00000e+00
    6.87620e+03     2.52813e-08     4.16404e+02     0.00000e+00     0.00000e+00     0.00000e+00     0.00000e+00
    7.56613e+03     2.09385e-08     4.59449e+02     0.00000e+00     0.00000e+00     0.00000e+00     0.00000e+00
    8.32529e+03     1.73307e-08     5.06623e+02     0.00000e+00     0.00000e+00     0.00000e+00     0.00000e+00
    9.16063e+03     1.42690e-08     5.55698e+02     0.00000e+00     0.00000e+00     0.00000e+00     0.00000e+00
    1.00798e+04     1.17112e-08     6.07613e+02     0.00000e+00     0.00000e+00     0.00000e+00     0.00000e+00
    1.10911e+04     9.58656e-09     6.62608e+02     0.00000e+00     0.00000e+00     0.00000e+00     0.00000e+00
    1.22040e+04     7.83271e-09     7.21255e+02     0.00000e+00     0.00000e+00     0.00000e+00     0.00000e+00
    1.34285e+04     6.37694e-09     7.82285e+02     0.00000e+00     0.00000e+00     0.00000e+00     0.00000e+00
    1.47759e+04     5.18024e-09     8.46607e+02     0.00000e+00     0.00000e+00     0.00000e+00     0.00000e+00
#     K in h/Mpc     Power P(k)      Delta2(k)        K_A_Cut       Delta2_A_Cut      K_B_Cut       Delta2_B_Cut  
# params: ndiscardB=3 ncutA=3 smoothwidth=3