    5.68441e-03     1.68190e+04     1.56504e-04     2.90816e+00     1.32972e+02     5.68441e-03     1.56504e-04
    8.96484e-03     2.15918e+04     7.88111e-04     3.19995e+00     1.37180e+02     8.96484e-03     7.88111e-04
    1.04939e-02     2.30565e+04     1.34982e-03     3.52103e+00     1.50809e+02     1.04939e-02     1.34982e-03
    1.22838e-02     2.41573e+04     2.26838e-03     3.87432e+00     1.70001e+02     1.22838e-02     2.26838e-03
    1.32156e-02     2.44394e+04     2.85773e-03     4.26305e+00     1.90249e+02     1.32156e-02     2.85773e-03
    1.49564e-02     2.47226e+04     4.19031e-03     4.69079e+00     2.13088e+02     1.49564e-02     4.19031e-03
    1.67371e-02     2.56205e+04     6.08553e-03     5.16145e+00     2.37784e+02     1.67371e-02     6.08553e-03
    1.77054e-02     2.48374e+04     6.98384e-03     5.67933e+00     2.64676e+02     1.77054e-02     6.98384e-03
    1.93727e-02     2.45784e+04     9.05304e-03     6.24918e+00     2.94307e+02     1.93727e-02     9.05304e-03
    2.15576e-02     2.41175e+04     1.22406e-02     6.87620e+00     3.25646e+02     2.15576e-02     1.22406e-02
    2.38544e-02     2.29151e+04     1.57578e-02     7.56613e+00     3.59556e+02     2.38544e-02     1.57578e-02
    2.59543e-02     2.17786e+04     1.92898e-02     8.32529e+00     3.95392e+02     2.59543e-02     1.92898e-02
    2.88815e-02     2.03726e+04     2.48642e-02     9.16063e+00     4.32995e+02     2.88815e-02     2.48642e-02
    3.17794e-02     1.87662e+04     3.05129e-02     1.00798e+01     4.73135e+02     3.17794e-02     3.05129e-02
    3.45769e-02     1.74333e+04     3.65097e-02     1.10911e+01     5.16010e+02     3.45769e-02     3.65097e-02
    3.80462e-02     1.60295e+04     4.47222e-02     1.22040e+01     5.61006e+02     3.80462e-02     4.47222e-02
    4.20998e-02     1.44255e+04     5.45308e-02     1.34285e+01     6.09170e+02     4.20998e-02     5.45308e-02
    4.63239e-02     1.31068e+04     6.60057e-02     1.47759e+01     6.60153e+02     4.63239e-02     6.60057e-02
    5.09719e-02     1.21569e+04     8.15614e-02     1.62584e+01     7.14318e+02     5.09719e-02     8.15614e-02
    5.60863e-02     1.12259e+04     1.00337e-01     1.78897e+01     7.73077e+02     5.60863e-02     1.00337e-01
    6.17138e-02     1.06277e+04     1.26548e-01     1.96847e+01     8.37373e+02     6.17138e-02     1.26548e-01
    6.79059e-02     9.67683e+03     1.53506e-01     2.16598e+01     9.09247e+02     6.79059e-02     1.53506e-01
    7.47194e-02     8.81395e+03     1.86269e-01     2.38331e+01     9.91172e+02     7.47194e-02     1.86269e-01
    8.22165e-02     7.77885e+03     2.19009e-01     2.62244e+01     1.08846e+03     8.22165e-02     2.19009e-01
    9.04658e-02     6.51559e+03     2.44386e-01     2.88557e+01     1.20687e+03     9.04658e-02     2.44386e-01
    9.95428e-02     5.64797e+03     2.82223e-01     3.17510e+01     1.35583e+03     9.95428e-02     2.82223e-01
    1.09531e-01     5.03230e+03     3.35003e-01     3.49368e+01     1.54848e+03     1.09531e-01     3.35003e-01
    1.20521e-01     4.49082e+03     3.98276e-01     3.84422e+01     1.80198e+03     1.20521e-01     3.98276e-01
    1.32613e-01     4.07372e+03     4.81304e-01     4.22994e+01     2.14096e+03     1.32613e-01     4.81304e-01
    1.45919e-01     3.52038e+03     5.54109e-01     4.65436e+01     2.59708e+03     1.45919e-01     5.54109e-01
    1.60560e-01     3.02080e+03     6.33438e-01     5.12136e+01     3.21357e+03     1.60560e-01     6.33438e-01
    1.76670e-01     2.65795e+03     7.42514e-01     5.63522e+01     4.04660e+03     1.76670e-01     7.42514e-01
    1.94397e-01     2.36346e+03     8.79603e-01     6.20064e+01     5.17093e+03     1.94397e-01     8.79603e-01
    2.13902e-01     2.07964e+03     1.03111e+00     6.82279e+01     6.68659e+03     2.13902e-01     1.03111e+00
    2.35364e-01     1.83960e+03     1.21510e+00     7.50737e+01     8.72451e+03     2.35364e-01     1.21510e+00
    2.58980e-01     1.62209e+03     1.42739e+00     8.26063e+01     1.14625e+04     2.58980e-01     1.42739e+00
    2.84965e-01     1.44358e+03     1.69233e+00     9.08947e+01     1.51408e+04     2.84965e-01     1.69233e+00
    3.13557e-01     1.28597e+03     2.00841e+00     1.00015e+02     2.00875e+04     3.13557e-01     2.00841e+00
    3.45018e-01     1.14903e+03     2.39070e+00     1.10050e+02     2.67628e+04     3.45018e-01     2.39070e+00
    3.79636e-01     1.03222e+03     2.86117e+00     1.21092e+02     3.58290e+04     3.79636e-01     2.86117e+00
    4.17728e-01     9.28619e+02     3.42917e+00     1.33242e+02     4.82944e+04     4.17728e-01     3.42917e+00
    4.59641e-01     8.39154e+02     4.12827e+00     1.46611e+02     6.58236e+04     4.59641e-01     4.12827e+00
    5.05760e-01     7.62507e+02     4.99744e+00     1.61321e+02     9.14890e+04     5.05760e-01     4.99744e+00
    5.56506e-01     6.92641e+02     6.04767e+00     1.77508e+02     1.29140e+05     5.56506e-01     6.04767e+00
    6.12344e-01     6.31366e+02     7.34409e+00     1.93134e+02     1.62035e+05     6.12344e-01     7.34409e+00
    6.73785e-01     5.77075e+02     8.94266e+00     0.00000e+00     0.00000e+00     6.73785e-01     8.94266e+00
    7.41390e-01     5.27427e+02     1.08886e+01     0.00000e+00     0.00000e+00     7.41390e-01     1.08886e+01
    8.15779e-01     4.81619e+02     1.32462e+01     0.00000e+00     0.00000e+00     8.15779e-01     1.32462e+01
    8.97631e-01     4.39733e+02     1.61121e+01     0.00000e+00     0.00000e+00     8.97631e-01     1.61121e+01
    9.87697e-01     4.00711e+02     1.95602e+01     0.00000e+00     0.00000e+00     9.87697e-01     1.95602e+01
    1.08680e+00     3.64046e+02     2.36742e+01     0.00000e+00     0.00000e+00     1.08680e+00     2.36742e+01
    1.19584e+00     3.29488e+02     2.85449e+01     0.00000e+00     0.00000e+00     1.19584e+00     2.85449e+01
    1.31583e+00     2.96799e+02     3.42557e+01     0.00000e+00     0.00000e+00     1.31583e+00     3.42557e+01
    1.44786e+00     2.65699e+02     4.08545e+01     0.00000e+00     0.00000e+00     1.44786e+00     4.08545e+01
    1.59313e+00     2.36560e+02     4.84579e+01     0.00000e+00     0.00000e+00     1.59313e+00     4.84579e+01
    1.75298e+00     2.09297e+02     5.71167e+01     0.00000e+00     0.00000e+00     1.75298e+00     5.71167e+01
    1.92887e+00     1.83929e+02     6.68698e+01     0.00000e+00     0.00000e+00     1.92887e+00     6.68698e+01
    2.12240e+00     1.60562e+02     7.77670e+01     0.00000e+00     0.00000e+00     2.12240e+00     7.77670e+01
    2.33536e+00     1.39285e+02     8.98741e+01     0.00000e+00     0.00000e+00     2.33536e+00     8.98741e+01
    2.56968e+00     1.20173e+02     1.03303e+02     0.00000e+00     0.00000e+00     2.56968e+00     1.03303e+02
    2.82751e+00     1.03152e+02     1.18130e+02     0.00000e+00     0.00000e+00     2.82751e+00     1.18130e+02
    3.11122e+00     8.81323e+01     1.34461e+02     0.00000e+00     0.00000e+00     3.11122e+00     1.34461e+02
    3.42339e+00     7.40599e+01     1.50530e+02     0.00000e+00     0.00000e+00     3.42339e+00     1.52462e+02
    3.76688e+00     6.16281e+01     1.66876e+02     0.00000e+00     0.00000e+00     3.76688e+00     1.72299e+02
    4.14483e+00     5.10319e+01     1.84091e+02     0.00000e+00     0.00000e+00     4.14483e+00     1.94391e+02
    4.26305e+00     4.84719e+01     1.90249e+02     0.00000e+00     0.00000e+00     0.00000e+00     0.00000e+00
    4.69079e+00     4.07521e+01     2.13088e+02     0.00000e+00     0.00000e+00     0.00000e+00     0.00000e+00
    5.16145e+00     3.41348e+01     2.37784e+02     0.00000e+00     0.00000e+00     0.00000e+00     0.00000e+00
    5.67933e+00     2.85202e+01     2.64676e+02     0.00000e+00     0.00000e+00     0.00000e+00     0.00000e+00
    6.24918e+00     2.38046e+01     2.94307e+02     0.00000e+00     0.00000e+00     0.00000e+00     0.00000e+00
    6.87620e+00     1.97711e+01     3.25646e+02     0.00000e+00     0.00000e+00     0.00000e+00     0.00000e+00
    7.56613e+00     1.63861e+01     3.59556e+02     0.00000e+00     0.00000e+00     0.00000e+00     0.00000e+00
    8.32529e+00     1.35257e+01     3.95392e+02     0.00000e+00     0.00000e+00     0.00000e+00     0.00000e+00
    9.16063e+00     1.11182e+01     4.32995e+02     0.00000e+00     0.00000e+00     0.00000e+00     0.00000e+00
    1.00798e+01     9.11925e+00     4.73135e+02     0.00000e+00     0.00000e+00     0.00000e+00     0.00000e+00
    1.10911e+01     7.46559e+00     5.16010e+02     0.00000e+00     0.00000e+00     0.00000e+00     0.00000e+00
    1.22040e+01     6.09243e+00     5.61006e+02     0.00000e+00     0.00000e+00     0.00000e+00     0.00000e+00
    1.34285e+01     4.96576e+00     6.09170e+02     0.00000e+00     0.00000e+00     0.00000e+00     0.00000e+00
#     K in h/Mpc     Power P(k)      Delta2(k)        K_A_Cut       Delta2_A_Cut      K_B_Cut       Delta2_B_Cut  
# params: ndiscardB=4 ncutA=4 smoothwidth=4